1431 4445
3044 3045 
3855 
3436 3437 
5513 
5498 5499 
3964 
6145 6146 
5578 5579 
3887 3888 
5313 
3957 
5986 
6837 
6066 
5052 
4613 
5344 
6204 6205 
2133 
5728 
4945 4946 
5317 5318 
1993 1994 
5836 5837 
5644 5645 
4375 4376 
5474 
4055 4125 
5986 
5497 5498 
7484 7485 
6042 6043 
4171 
4658 4659 
1694 1695 
5241 5242 
6047 6048 
5466 
5 6 
4167 
3888 
4568 
4645 
5411 
5733 
4109 4110 
4372 
2710 
3010 
3946 3947 
1825 
3021 
4876 4877 
4566 
5834 5835 
6852 
6383 
6845 6846 
5751 
7296 
6370 6371 
1639 
4450 
2401 2402 
5328 5329 
1827 1828 
5180 
3027 
4879 
5725 
4876 
3828 3829 
5394 
5714 
3592 
3767 
3826 
3475 
5974 
2277 
4364 4365 
6391 6392 
3407 
6220 
5277 5278 
5723 
3678 3679 
2269 2270 
5403 
2447 2448 
5666 5667 
6622 6623 
7094 
7161 
5257 5258 
4039 
5249 
4440 4441 
6342 
7422 
4509 
4946 
3480 
3658 3659 
4805 
3891 
19 20 
2771 
3847 
3358 
5199 5200 
3987 4057 
2277 2344 
4670 
2268 2269 
1228 1229 
3302 3361 
2067 2130 
4458 4526 
2786 
2843 
4881 
5276 
5200 
7485 
2194 2195 
4120 
3766 3830 
1695 1755 
4231 
3401 
6618 
3925 
6538 
7041 
5355 
4106 4175 
6628 
6350 
1816 
3951 3952 
6348 
3053 3108 
2517 
4909 
5891 
3559 
1367 
3157 
7670 7729 
3917 
2016 
2074 2139 
6362 6456 
5472 
6480 
5592 5593 
5589 5590 
6841 6842 
7612 7613 
6450 6451 
986 
6747 
2914 2974 
5203 
3365 3440 
6608 6681 
2611 
5487 5571 
4020 4086 
4612 
1359 1426 
3294 
6192 
5396 5474 
3766 
3481 
4103 
6464 
4375 
5388 
5915 5916 
4835 
4419 4486 
5460 
2206 
4807 
6183 
5989 
6547 
4897 4971 
2333 
6448 
6600 
1282 1350 
8128 
7731 
7097 7165 
2070 
3694 3695 
7174 
4656 4657 
7672 7732 
3141 3143 
2826 
5667 5668 
5493 5494 
5804 
4292 4355 
4333 
7176 
4832 4904 
6055 
6290 
6459 
2532 
7418 
4309 
1703 
5100 5177 
4491 4569 
5078 
3131 
3106 3171 
1229 
4223 
4329 4399 
4397 
4903 
4262 
7353 
7604 
6905 
6678 
4238 
6897 6967 
5802 
8174 
5336 5411 
4516 4590 
5634 5731 
2896 
4809 
5252 
3073 3131 
3202 
5509 
8860 
5263 
4125 4126 
2079 
2199 
4512 4585 
2323 
4913 4987 
4525 4601 
1491 
5168 
3522 
1296 
7045 
4884 4958 
5664 
4752 
7741 
6777 
7731 
7725 7726 
7880 7881 
1635 
4305 
5049 5050 
5236 
5754 
5740 5818 
4447 
4515 
4107 
5959 
5879 5951 
1563 
5234 
5043 
3770 
4998 
2675 2735 
5656 5752 
5708 5796 
2021 2082 
7359 
2017 2077 
5571 
7824 
1635 1704 
2332 
43 49 
5836 
6215 6294 
7479 
10 
6226 
7054 
7044 7045 
5042 
5184 
6347 
4721 
5421 
7291 
7882 7883 
6202 
7288 
6123 
6446 6522 
6142 
4907 4981 
6292 6383 
6045 
6360 6361 
7823 
2128 2193 
6111 6188 
5172 5248 
4807 
6517 
4006 
4907 
1833 1892 
6519 
6139 
4327 
1888 
3837 3906 
6605 
2770 2830 
2821 
4474 
6688 6766 
6300 6392 
1694 
3544 3545 
6392 
1490 
1476 1545 
6686 6761 
5276 5277 
5821 5904 
8859 
7175 7239 
7665 
6120 
5475 
4893 
4464 
6377 
4887 
3694 
4400 
5494 
4282 
2643 
7092 
5472 
6146 
5046 
4758 
7103 
1497 1498 
5476 5562 
2448 
1900 
6376 
5258 
6387 6470 
6924 
7303 
7877 
3223 
4664 
3522 3592 
4180 4244 
6597 
6536 
7883 
4719 
5404 
6032 6110 
1825 
4103 
3087 
6346 6441 
7241 
2892 2956 
4733 
7106 7172 
7667 
3633 
2457 2521 
4655 4656 
4728 
4801 
5425 5507 
5124 
5572 
7881 
3355 3431 
1948 
5103 5180 
3695 3764 
4805 
4569 
6397 
6854 
2835 
1298 1365 
6822 
8864 
8799 
2612 
6225 6304 
3989 
3431 
3293 3353 
4966 5038 
5809 5891 
4404 4474 
4758 
3357 3358 
2406 
2270 
1122 
2013 
6846 
7726 
7664 
7032 
6751 6828 
5803 5882 
6108 6184 
6387 
5505 
7103 
2343 
6125 6201 
5637 
1427 1494 
2957 
4020 
4234 
6855 
4466 
7352 
2526 2592 
4949 
5953 
2408 
3299 3359 
3477 
4022 
7663 
5266 
6850 
5648 5649 
5490 
5645 5646 
1426 1427 
6216 
7357 
5031 5104 
4513 4586 
2685 
5590 
6374 6375 
4521 
5816 
3499 
2067 
4167 
627 
1365 
7627 
3171 
1775 1839 
1879 1941 
3399 3474 
7371 
6068 6145 
2598 2661 
5322 
6745 
6396 6479 
3447 
5648 
8801 
2344 
3143 3214 
4229 4230 
6545 
6471 
5982 6059 
7051 
7615 
5352 
5278 
5912 
7299 
3680 
6399 
4694 4764 
5414 
7230 
7156 
3969 
4940 
2760 2821 
1765 1831 
5641 
4188 
6270 
2343 
4333 
4911 
6220 6299 
5584 
7171 
7362 7426 
4137 4138 
7290 7358 
2405 
3220 
4234 
3826 
6742 6821 
2596 2658 
8879 
7241 
7667 
6124 
5665 
3658 3727 
5829 
6922 
7299 
6356 
7156 
7426 
7945 8003 
4374 4376 
5949 6027 
3691 
3550 
1754 
1816 
5668 
4827 4900 
5970 6048 
5403 
6519 
4203 4269 
6279 6360 
5493 5575 
626 627 
15 
5707 
3214 
3073 
4488 
4641 
2447 
5037 
5050 
5419 5502 
4421 
6630 6701 
6358 
2527 
7051 
6842 
7480 
5654 
3473 
4364 4441 
3964 
5388 
6222 6300 
2910 2971 
6347 6348 
1774 1775 
5032 
5253 
5623 5710 
5014 
2915 2975 
6049 
7823 
1877 
4421 
3108 3109 
5893 
7231 
6528 6609 
7159 
5182 
5095 5170 
4886 
4582 
4414 
4137 
6693 6771 
6982 7039 
7090 
5268 5342 
5204 
544 
7042 
7166 
7093 
2402 
4667 
6141 
6774 6852 
6771 6847 
6457 6458 
5636 
1879 1942 
4871 4944 
5550 5623 
2465 
4522 4597 
4310 4311 
5323 
4193 4259 
5412 5492 
2647 
4088 
4952 
6112 6188 
4808 4877 
2387 2388 
5746 5821 
5033 
7539 
3501 
4444 4512 
5014 5087 
2388 2451 
13 16 
6304 6397 
6195 
4024 4088 
5330 5331 
4659 
1445 
6385 
5751 
4743 
7732 
5203 
2194 2257 
4233 
4801 
6623 
3037 
7613 
4446 
1282 
1994 2058 
5234 
1228 
4887 
7236 7300 
1491 
6857 
6280 6361 
2137 
6677 
1004 
5394 
1299 1367 
2268 
7350 
4436 
4025 4091 
5755 
5346 
6122 
5957 
3145 
2529 
4029 
9 
5499 
7545 
3706 
4110 
4863 
6451 6452 
2609 2610 
3853 3918 
3157 
7662 
6272 
2069 2070 
3129 3197 
1638 
2966 3036 
8848 
2193 2256 
4437 4504 
3052 3108 
3 
5420 
5407 5484 
3991 
4959 
2020 2081 
5837 
3747 
5043 5116 
2318 
6743 6822 
1283 1350 
2451 
2098 
8353 
2905 2966 
5621 
5344 
2007 
4098 
6374 
6371 6460 
5804 
3019 3083 
3683 
7718 
3887 
8004 
5331 
3481 3552 
2591 
5890 
2718 
8857 
3861 3925 
4641 4721 
4522 
5959 
5800 5801 
2081 
4488 
5756 
7171 7236 
2576 
7427 
3109 
3858 3859 
6215 6293 
7087 
5575 5652 
1499 
1 2 
2647 
4944 
3920 
5273 5274 
3991 3992 
4968 
7721 
6601 6602 
4105 
3897 
7185 
4693 4694 
5268 
7361 
1833 
4116 
4180 
4362 4363 
4905 
4390 
5324 5399 
4310 
2405 2467 
7941 8000 
5961 
5800 
8859 
8000 
5810 5893 
7371 
4509 4584 
2584 2650 
5391 
8828 8845 
4155 
6029 6108 
4263 
2658 2719 
5813 
2826 
4138 4203 
3339 
3474 
5829 5911 
4958 4959 
5418 
5188 
5035 
2587 
7178 
1377 1445 
2591 
1700 
6628 6629 
6754 
4091 
2718 
4972 5046 
4175 
3446 3447 
3746 3747 
5833 5835 
5830 
3865 
4764 4765 
3905 3972 
2521 2522 
1177 1233 
4235 
8863 
5651 
6761 
6304 6396 
2968 
5097 5172 
1639 
6261 6430 
3431 
4042 
6744 
3017 3082 
1844 1906 
4603 
4909 
1957 2080 
2530 
7178 7179 
3108 
3659 
2961 
6826 
5018 
1641 
3633 
2954 
3683 
4828 
4435 
5108 
2709 
8829 
5796 
5822 5974 
4310 
3032 
4759 
3829 
7436 
3545 3678 
6063 
1974 
5982 
4235 
6520 
5636 5733 
6908 6977 
3494 
3745 3746 
5419 5420 
6982 
7539 7659 
6284 
6969 7027 
4872 
4733 
8813 
6616 
6532 
6197 
4736 4737 
4820 
5252 5397 
5593 5671 
2703 2760 
6375 
4987 
4185 
1941 
3013 
8842 
1436 
6456 
4098 4229 
2195 
6304 
3146 
7178 
4607 
5111 5188 
5327 5329 
2522 
4402 4404 
3488 
1177 
5723 5805 
2710 2767 
2888 
4435 
5124 
4048 
3969 
5505 
7615 
1171 
7027 7150 
3551 3553 
6776 
6377 6462 
5007 
4249 
4895 
4377 
4087 
4201 
2765 
4610 
5916 
2608 2609 
2954 
8861 
4492 
4107 
5178 
6994 
3407 3482 
5806 
1711 
1882 
8802 
3682 3813 
5007 
3955 
4471 
4612 4763 
3294 
3418 3488 
1957 
4948 
7108 
2212 2213 
4213 
5409 
4090 
1564 
4437 
6217 
6300 
1839 1900 
2720 2778 
4728 4799 
6128 
2205 2271 
2075 
1289 
4975 5121 
1119 1171 
4507 
8838 
2080 
3290 
7361 7487 
2069 
5513 
5117 
5460 
3629 3696 
4486 
7672 7673 
5487 5644 
3487 
2576 2641 
6835 6911 
4566 
18 
4521 
3201 
5049 
5094 
6821 6822 
2599 2662 
3155 
2071 2133 
6775 6924 
2212 
6920 
1763 
4369 
5335 
5890 6037 
3145 3147 
3129 
4439 4582 
5466 
6388 6545 
3101 3168 
6897 6898 
2280 2345 
5037 
1558 1698 
7163 
6192 6273 
4171 4236 
6105 
4966 
6538 6621 
8800 8828 
5633 
2066 2067 
6294 6384 
1237 
3744 
1884 
3421 
2888 
3551 
2323 2391 
3625 
5476 
3284 
6112 
4786 
4109 
4372 
7053 
3018 3083 
8828 
2956 
4526 4683 
4864 4939 
3024 3146 
4363 4365 
1568 1637 
3699 
4669 
4830 4975 
6190 6270 
2887 
2887 
4502 
302 
4374 4517 
3152 
3423 
3421 
7165 
4301 
7481 
6822 
3019 3082 
1369 
3744 
1360 1428 
2416 
2778 
5758 5912 
5897 6043 
4155 4284 
3480 
6351 
7605 
3699 3770 
3745 
467 
8057 8116 
2283 
3106 3107 
5425 
2545 2610 
5752 
5260 5261 
1838 
5580 
2208 
6986 7044 
4106 
5746 
2897 2961 
2271 
5185 5261 
6779 
3353 
2718 
6822 
7358 
3473 
3575 
6026 
5662 5912 
6752 
5324 
3036 
6201 
4377 
3216 
4966 
2610 
7667 
4328 
3630 3767 
7422 7547 
2718 
2591 
4828 
6838 
4061 4130 
3679 
3644 3779 
3132 3202 
4577 
3827 
5492 
3108 
4393 4464 
6281 
6838 
8861 
2716 2897 
1302 
6837 6910 
3339 3547 
3952 
4957 
6920 
2273 
2211 2278 
5815 
2339 2405 
1226 
4024 
4516 
4023 4087 
8825 
3630 
2662 
3107 
4130 
3435 
5912 5980 
4661 
8828 
4863 5085 
2961 
2675 
2608 2672 
4939 
4150 
6113 
2715 2771 
2895 2897 
1558 
5621 5707 
5078 
6046 6124 
5877 
2391 2454 
4881 
3905 
7160 7163 
6048 
3217 
2708 
4975 5197 
1956 2020 
3612 3680 
4647 
2416 
3487 3629 
5821 
4216 
4267 
1226 
3475 
1940 
2721 
6261 
5037 
2280 
3496 
6128 6205 
6346 
1497 1569 
7358 
8828 
2703 2704 
2015 2076 
3574 3773 
6187 6441 
7778 
3418 
1498 
7227 7290 
4443 
7086 7150 
4828 5120 
6066 6068 
6824 7086 
4987 
3574 
4883 4886 
6977 
6048 6368 
6749 
2543 2733 
3017 
2278 
2283 
2964 3290 
6206 
7609 7667 
5485 
6920 
2454 
4987 
1753 1877 
5209 
2591 
6027 6183 
4872 
2650 2709 
4522 
4932 
4748 4966 
4123 
6300 
6447 
2610 2854 
5174 
2968 
2450 
5037 
1766 
3702 
2197 
5412 5820 
4953 4958 
1069 
6624 
5492 
3098 
7290 
7178 
3038 3431 
3681 4090 
2207 
4320 4324 
5739 5970 
7172 
4886 5036 
6608 
2965 2968 
7172 7363 
3696 
1365 
4516 
1069 1119 
1894 2271 
6289 
4685 
2012 2015 
4586 
2533 
1365 1429 
2067 
7479 
6063 
2715 2718 
2015 
2787 2854 
4966 
3268 3750 
4452 
5407 5965 
4952 
4605 4828 
4689 4975 
6300 6304 
3714 
5492 
6615 
4513 
2205 2781 
1894 
5672 6392 
6744 
5407 5899 
6608 
5037 
5407 5480 
6681 
5407 
2258 
2405 2529 
4521 
7281 
7609 
4521 5108 
4516 
4582 4586 
5261 
5663 5672 
2641 
4819 5406 
4086 
3641 
6608 
3891 
1766 1826 
6013 
4301 4307 
6389 
4582 
3268 
1887 
3796 
6062 
4582 
5332 6041 
2854 
2846 2854 
5261 
5040 
4977 5663 
6291 
4522 4605 
4192 
2271 
1568 
5912 
6695 
1702 2529 
5730 5965 
3813 
4521 
3835 
2961 3353 
6130 
5332 
2405 3038 
2537 
5260 
5746 
4828 
2663 
3971 3979 
5492 
2779 3778 
4867 
5406 6681 
4868 6105 
6351 
7172 
4459 5650 
3353 
3835 4310 
3353 
2854 
5746 
3919 
7172 7290 
5261 
3772 4886 
5174 5185 
5254 
4281 
4252 5491 
6598 6608 
4513 4522 
4958 6355 
4310 4686 
1362 
2604 
3972 4597 
2271 2543 
4958 
6289 
2067 2961 
6920 7358 
4959 
5904 
4122 
6681 
4886 
6681 
2015 
6286 
3444 
5638 
2591 
4597 6458 
4189 
5275 5821 
7234 
6048 
2780 4597 
4959 4975 
3858 
2672 
2529 4516 
3907 
4597 6688 
4311 
3974 
4577 4674 
3431 5746 
1365 
6920 
4255 
3915 
63 72 
2845 2912 
3789 
3584 3585 
4424 4492 
3681 
3440 3441 3515 
3444 3446 
4250 4314 
3357 
2730 
3948 4022 4023 
3645 
3103 3168 
5087 5163 
3944 
3650 
4730 4799 4867 
4866 4940 
3511 3583 3648 
3750 
5018 5090 
3419 
3845 
4573 
3955 4025 
3960 
5738 
2847 
4394 
3719 
4282 
4649 4796 4864 
3275 3407 
3047 3102 3167 
3401 
3088 3149 
3915 3917 3985 
4353 4432 
5191 
2948 3132 3201 
5550 
5239 5241 
4653 
3982 
3946 3952 
4159 
3547 3682 
4493 4568 
3412 3555 
4388 4686 
2907 
3859 3922 4058 
4324 4977 
4056 
4193 4197 
4158 
5744 5745 
4452 5102 5253 
5334 
5975 
5504 5579 
4432 4825 
5237 5500 5506 
4736 4737 
4162 
4496 4573 
2851 2852 2920 
4150 
4984 5055 
5957 6034 
1645 1711 1712 
2674 2734 2791 
4355 4356 4433 
4160 
3650 3719 
4499 4576 4730 
4046 
3495 3496 
7059 7060 
4429 4649 
5269 5270 
1559 
2450 2580 2644 
1835 1836 
3758 3819 3894 
4686 4756 4826 
4186 4385 4458 
1772 1960 
2345 2412 
2397 
4114 4181 
5017 5239 
3795 3861 
4771 4913 
3224 3225 3290 
3625 
3977 3978 4247 
5712 5876 
4905 
3554 3686 
3701 3771 3834 
3089 3150 3219 
2460 2523 
3727 3859 
3994 4063 
2733 3050 
4457 4598 
6141 6219 
6184 6185 
4281 4419 4719 
1755 
837 891 
1560 1628 
4060 4393 
3837 3906 3907 
3905 3906 4105 
4236 5254 
4036 4366 
7277 7345 
6291 6907 7031 
4238 4368 4666 
3702 
3575 3702 
3663 3731 
5882 6032 6110 
3429 3503 3575 
2512 2646 2704 
3248 
4755 4823 4824 
5803 5882 
6370 6460 
6458 6460 
7038 7098 
7832 7887 
7363 7427 
7234 7427 
6986 
6536 6618 6986 
6129 6130 6536 
5197 5349 5418 5422 
7303 
5833 5834 
5589 5666 5758 5833 
5052 5589 
4835 4981 
4835 5263 5272 
4112 
3500 3775 3974 
5725 5730 5957 
6284 6368 6532 
6689 6766 6767 
7830 
7487 
7041 7042 
6615 6616 7042 
6376 
5322 
5253 6187 6520 
6520 6598 6745 
6745 6968 7026 7085 
7933 7945 7955 8012 
5320 
5097 5248 
1372 1439 
1296 1362 
1175 
1568 1569 
1569 1638 
1956 2205 2208 
6029 6110 6184 
5970 6129 6202 
6202 6458 6686 
7037 7164 
8057 8116 8173 8174 
7880 7945 8057 
7665 
7357 7665 
7097 
6835 6911 
6123 6835 
5899 6045 6123 
2981 
3098 
3452 3524 
3642 3707 3907 
2770 2771 2829 2830 
2830 5253 
2769 2893 
1290 1424 1490 
1005 1006 1009 1068 
2532 2840 
2596 2719 
2719 
2526 2592 2716 
2197 2526 
5204 5275 
4893 5399 
6598 
6667 
7279 7407 
5099 5100 5177 
5031 5100 5104 5108 
5032 5035 5104 
6280 6368 6459 
6457 6459 
6912 6981 
7670 7729 
7362 7363 7670 
7231 7362 
7166 7231 
5740 5818 7166 
5818 
2254 
4673 5332 
4692 4762 4830 4831 
5917 5989 
5989 6389 
5915 
5915 
5652 5904 
5266 
4895 5116 5266 5412 
4485 4932 
3764 3897 
3897 3962 4032 
3494 
3290 3423 3494 
4196 4262 4323 
4262 4466 
4466 4819 
4453 5485 
4463 4606 
4827 4830 4900 
5088 5163 6025 
2072 
2199 
2012 2071 2199 
1826 1948 2071 
6195 6447 6601 6602 
6601 
6749 6900 
7824 7877 7942 
7664 7824 
7227 7288 7664 
7163 7230 7288 7291 
7230 
4686 5414 
5117 5414 
3309 3369 
2733 2789 3309 
3726 3859 
2025 2084 2148 
1641 1647 1773 
2773 
3349 3350 3905 
2651 
2590 3027 3217 
5204 5352 
3823 3824 3895 
4584 4585 
4740 4743 
4591 4669 4670 
4450 
4800 5090 5708 
4504 4506 
4436 4439 
5092 5168 
4945 4948 
4893 4898 4900 
5970 6049 
6766 
7612 
7484 7612 
7167 
7039 7041 7167 
6046 7039 
6125 6284 
1231 1294 1362 1763 
1173 1231 
895 1010 
1428 1565 1568 
1428 
1641 
3216 3222 3287 
3833 3835 
6356 6677 
6677 
6826 7087 
7876 7941 7942 
7605 7662 7941 
7418 7662 
7093 7418 
6908 
6122 
5820 5897 6042 
6464 
6688 6983 
8004 8174 
7882 7945 8004 
7609 7725 
7359 7547 
7234 7296 7359 
6615 
6204 6286 
1827 1887 1948 
1949 
1958 
1703 1762 
1703 1711 1894 
6219 7114 
6047 6462 
6462 6688 6690 6768 
7673 
6845 7673 
6691 
6691 6841 
5409 5646 6841 
5335 5409 
2965 3035 
4879 4953 
4746 4819 
5566 
5480 
3590 3796 
1364 1371 
4808 4883 5097 
4664 4808 4809 
4809 
7349 7350 
7090 7350 
6038 7090 
4305 
5637 
3772 4515 
4515 4588 4743 
3773 4745 
5485 6453 6606 6680 
6358 
4669 5404 
5330 5404 
5335 
4327 
4265 
6391 6393 6631 
6630 6631 6701 6779 
6629 6701 
6621 
6290 
5656 6130 
2345 2407 2468 
2283 2284 
2538 2733 
2781 3844 3911 
4394 5121 5657 
4903 5656 
4610 4903 
4471 
7176 
6922 
6693 6695 6847 6922 
6693 
6286 6464 
4695 5121 5198 
6388 6471 
6388 6389 6470 
6292 7227 
5975 5980 6292 
5580 5975 
5572 5580 5649 
5042 5484 5572 
4329 4399 
4201 4267 4329 
4267 4400 
3797 
3867 
3926 5665 
6217 6291 
6062 6139 6217 
6059 
5830 
5273 5274 5756 5830 
5273 
5117 
5663 6058 6216 
6206 6216 
5911 5980 
5421 5911 
4686 4832 4904 
4685 4763 4832 
3791 3857 
2767 2771 3346 
2827 2828 2831 
3021 
2892 2895 
2892 3141 3216 
3828 3830 
3827 3830 
3961 
3486 3764 
2898 3422 4042 
2896 3029 
2896 2960 
4819 
5109 5739 
1819 1884 
2066 2128 2256 
2256 2258 3024 3147 
3639 5035 
6450 6678 
6678 6752 
6973 
7609 7718 
7222 7479 7718 
7032 7160 7222 
3974 5815 
5815 
6356 
4883 5178 
4957 5178 
5400 5406 
3499 6526 
7997 8590 
6206 6679 6754 
6905 6906 
6605 6905 
4590 5813 
5327 5328 5412 
5801 
5716 5718 5798 
4302 4369 
4042 4748 
5634 5728 5739 
4820 5634 
6517 
6517 6594 
3496 7413 7414 
7406 7407 7408 
7210 7211 7274 
5098 
4039 
1362 
1225 1429 
2255 
2327 2520 
441 
1877 1940 2002 
1754 1755 1940 
5484 
2196 
1942 2005 2130 
2197 
4667 4884 
4742 
4955 5028 
4304 4447 4590 
3835 4446 
4444 4585 5730 
3347 3408 3409 
4653 
5036 5103 
4957 5029 5101 5103 
6756 6757 6832 
5184 5257 5260 
5033 5184 
6272 6355 
6600 
6600 6748 6826 
7352 7478 7605 
7353 7479 
7092 7161 
6197 7092 
5641 
4244 5484 
2584 2587 
2457 2587 
2457 
2257 
2007 2066 
1882 2007 2258 
4972 5036 
4972 4973 
4913 5057 5207 5355 
5207 5508 
6142 6299 
5506 6299 
5506 5662 5664 
5584 5755 
5336 5490 5584 
4048 5040 5336 
1234 1235 1299 
3211 3417 3499 
2468 2599 4048 
2466 2598 2599 
3140 3773 
2600 2607 2672 
2720 
2905 3155 
3037 3098 3155 
2900 2957 3087 
5816 5967 6047 
4897 4971 
4820 4896 4971 
4891 
6857 
6855 6857 
6854 7106 
6854 
5754 5755 
5754 
4393 
1359 1494 1887 
1172 1230 1359 
1563 1564 1702 
1563 
6273 6355 6448 
6751 6752 6828 
6828 6972 
7721 
7227 
7094 7163 
6528 6609 
5108 6528 
6450 6452 
1946 2196 
1698 
3523 
4383 5263 
4905 4968 
3287 3836 
3220 
3346 
3217 3907 4309 
4328 
4471 4540 4541 
3796 4616 
6929 6998 7054 
7053 7054 
6994 7053 
6774 
6695 6774 
4748 5111 
2469 3154 
1774 1838 
1838 1894 2273 2406 
1122 1233 2721 
1122 1123 1176 1178 
2079 2082 2206 
2017 2079 2143 
1637 2017 
1639 
1299 1499 2205 
5121 5346 
5346 
7433 7437 7480 
7175 7239 
6624 7108 7174 7175 
6850 7108 
6055 
5418 5820 6055 
4681 6130 
3582 3709 4895 
3839 
4602 6286 
2401 
1293 1429 2264 
2333 
2137 2333 
1763 
5633 
5253 5475 5633 
5254 5396 5475 
5559 5631 
5724 5806 
5562 5806 
5799 5802 5950 
5317 5467 5484 
1882 
2074 2139 2141 
2074 
1884 2965 
4402 
4269 
4400 4401 4473 
4268 4270 
5130 5428 
5509 5672 
5592 5671 6062 
5507 5592 
5504 5507 5662 
5502 5504 5756 
5497 5502 
5342 
4948 4949 
4949 5095 5170 
5094 5170 5802 
5022 5094 
7212 
5249 5322 
4362 4440 5327 
4297 4362 4438 4439 
5480 5563 
6047 6111 
6342 
5808 5816 
5805 5899 
4307 4737 
5391 5467 
5391 
5879 5951 
5951 6028 6030 
4507 4583 
4443 4685 
3087 4953 5323 5397 
5397 6350 6351 
6597 6747 
7281 7348 
5332 5810 
5260 5809 5961 
5961 
2332 3772 
2263 2332 2399 
1700 1701 2012 
1700 1826 
3901 3974 
2895 3347 
3347 
1073 1170 
2474 2475 2542 2672 
2201 2202 2266 2267 
2075 
2408 
3083 3208 
2130 2708 
2584 2708 2765 
4607 4689 4759 
4607 
6391 6547 
6385 6547 
6293 6384 6624 
5758 6293 
5822 
5822 
5654 
5714 5877 
5877 5949 
5244 5247 
4658 4661 
4661 
4871 
3861 4263 4307 
4263 4397 
4397 4462 
4617 
6779 
6776 6777 
6775 6776 
6622 6775 
5199 
5739 6281 
6457 6910 
6910 
7107 7302 7618 
7302 
7106 7300 
5816 6362 
5965 6279 6280 
2208 4689 
4768 4769 4837 4838 
5672 5839 
5758 
5275 
4693 4765 
4613 4693 
2721 3632 
1487 1490 
4884 4968 6113 6190 
6113 6351 6824 6969 
6747 6824 6898 
7475 7480 7537 7602 
7281 
6037 6041 
5965 6273 
3147 6447 
6446 6522 
6522 6676 6749 
7659 
7604 
7159 7160 
6041 6120 7159 
5263 6195 
2465 5897 
2265 
3242 3246 
2213 2283 
2016 
1765 1831 
1704 1831 
1704 1888 
1644 4253 5042 
5947 
2406 4233 
4231 4439 
4230 4231 
4517 4593 
118 119 150 
8017 8074 8075 
127 158 159 
70 80 81 
72 85 86 
3384 3462 3535 
7555 7620 7621 7675 
7971 8026 8083 8084 
3310 3370 
718 822 
4287 4427 
3440 3442 3515 3517 
5155 
3917 
3491 3570 
3948 3951 
3166 3364 3365 
3482 3552 
3624 3691 3757 3758 
3719 3854 3855 
3363 3364 3514 
3515 3586 3653 
4932 5003 5077 
3545 3547 3612 
3946 4022 
2767 2827 3021 
3681 3682 3750 
3755 4092 4160 
3514 3652 
2283 2476 2673 2733 
4378 4594 4676 
3165 3235 3363 3442 
3235 3653 
4092 4158 4353 
3586 3652 
3556 3619 3625 3690 3756 
3555 3557 3895 3958 
3165 3166 
3916 4053 4057 4122 
4223 4797 
3584 3653 3984 4055 
2539 2541 2606 2732 
4355 5237 5313 
4133 4194 
4314 4385 
4430 4798 
3648 3652 
3141 3624 
3346 3761 
2733 2921 3241 4131 
4884 5965 6041 6117 
3687 4162 4729 5550 
3496 4820 
3640 3641 4311 5332 
3519 5506 
4400 5191 5205 
4523 5108 6355 
2450 2512 4868 5712 
2644 2646 4502 5876 
2762 4655 
5242 7475 
549 550 596 597 598 599 
181 245 246 
3308 
3778 3779 
3847 3915 
3441 3442 3443 3588 
5086 5160 5235 
3483 3621 3623 
3142 3209 3279 
5084 5380 
4213 4485 
3202 3340 3617 
2692 3191 3262 3329 
4871 
3926 4330 
3013 3272 
3844 3854 3918 4058 4120 
2765 3018 3138 3208 3557 
2515 2705 2823 
4120 4681 
3780 3979 
3756 3757 4029 4291 4800 
3779 3979 4053 
3957 3958 4093 4094 5017 5088 
4058 4249 4256 4525 4603 
4128 4256 4316 
3714 4252 4259 
3707 3905 5254 
3278 3279 3344 3414 3415 
3719 3783 3982 3985 
4459 4602 4603 4681 
2637 2757 2819 
3561 3691 3693 
4645 4725 4729 4792 4796 4797 4798 
4284 
3982 4385 4457 4525 
3985 3986 4390 4530 
3778 3984 4523 4602 
3844 4530 
3358 4249 4383 4458 4523 
3891 3955 4287 5088 5236 5237 
2506 2509 2638 3619 
4820 
3360 3582 
1175 1296 1638 1956 
3240 3367 3443 
6621 6622 6847 6848 6921 6989 6990 7048 
4637 4717 4718 4719 
4281 4345 4561 4786 
3650 3655 3719 3790 
4502 4647 4655 4864 4867 4868 
3918 4383 4390 4457 
2275 
2190 
3586 3845 3980 4186 4258 4320 
4330 4400 4530 5117 5281 
4131 4830 4893 4984 
2970 2976 3165 
2729 2730 2973 3101 3235 
2604 2667 3360 3361 3362 3363 
2786 2974 2975 3300 3359 
2843 3043 3233 
2663 2724 2918 3159 3166 
2665 2971 3044 3047 3364 
3436 
3895 4159 4797 5242 
3550 3557 3619 3624 3755 4796 4866 
3910 3980 4751 6368 6457 6980 
4748 4888 5718 
3499 4590 4883 4957 5406 5412 6121 
3450 3861 4064 4065 4134 4135 4197 
3435 3514 3855 4123 4459 
1774 1899 2273 
2321 2322 2389 2452 2649 2651 2707 2952 3027 
3690 4092 4798 4799 
3553 3555 3556 3758 4160 4729 6025 
2275 2282 2283 2348 2918 
4689 4768 5275 5738 5758 
4888 6906 7657 7873 
3207 3568 3690 3709 
2792 2857 2924 2983 3098 
2970 2971 3300 3360 3648 3847 4252 
1753 1754 1810 2060 2186 2247 2248 2318 2385 
2604 2663 2730 2786 3980 
2975 3043 3044 3361 3435 3436 
3617 3757 3958 4162 4227 4292 4429 4430 
3159 3359 4055 4122 4123 
3687 3756 4496 4499 
3047 3233 3986 4128 4320 
2121 2123 2257 
3250 3251 3316 3376 3455 3526 3861 3921 4912 4913 
4699 5206 
4800 5017 5164 5238 5314 
2843 2973 3714 3780 3845 
3247 3249 3312 3454 
3802 3868 3930 3994 4000 4069 4981 
5272 5586 6819 6894 7303 
928 983 1043 1271 1335 1405 
2948 3077 3271 3275 3402 4351 4432 4493 
1212 1271 1273 1274 1340 1345 1411 1414 
7778 7779 8172 8282 8334 8445 8446 8447 8499 
5841 5991 6069 6224 6389 
3314 3315 3454 3525 5186 
82 85 100 120 121 123 151 153 
2918 2976 3101 3362 4056 4057 4258 4259 
2665 2667 2724 2729 2974 3584 3916 4316 
4598 5247 7415 7545 7825 
7825 7828 7884 8056 8115 8284 8334 8393 8447 8448 8500 
7891 7892 8495 8505 8546 8547 8548 8589 8591 8592 
999 1010 1059 1111 1113 1162 1294 1565 1689 
3186 3187 3260 3261 3324 3325 3327 3384 3385 3387 3388 
1163 1176 1233 1349 1418 1499 1549 1687 2143 2206 
1745 1746 1808 1809 1868 1993 1995 2072 2118 2119 
1773 1842 1901 1902 1964 2023 2024 2029 2089 2789 4613 
3664 3800 3801 3869 4001 4544 4830 5131 5412 5904 
89 102 103 124 125 126 155 211 278 
2819 2820 2949 3015 3078 3079 3207 3280 3483 3554 
4981 5052 5211 5422 5431 5432 5515 5586 5597 5666 5676 5677 5834 
1615 1617 1681 1682 1683 1690 2059 2117 2245 2399 
2141 2291 2354 2419 2482 2483 2680 2739 3056 3103 
1466 1544 1606 1607 1678 1739 1742 2054 2114 2240 
1751 1811 1872 1875 1935 1936 2466 2600 2720 2905 3037 3140 
4658 5622 5714 5870 5872 5874 5942 5943 5945 5949 6023 6177 
4613 4624 4765 4774 4775 4837 4842 4991 5060 5133 5134 
5756 6062 6291 6301 7055 7181 7243 7310 7311 7364 7435 
1605 1675 1741 1864 1865 1928 1933 1988 2267 2408 2474 2509 
3801 4002 4070 4071 4073 4139 5131 5596 5672 
4462 6779 7617 7622 7677 7735 7828 7829 7836 7837 
3664 3869 4271 4988 5275 6394 6477 6634 7000 7055 7107 
808 861 912 913 914 915 947 972 1025 1778 3452 
3464 3497 3498 3579 3643 3736 3871 4075 6976 7416 7432 7674 7788 7891 7956 
6980 7363 7616 7834 7944 7949 7950 7953 8006 8009 8010 8067 8068 
6121 6206 6692 6906 7415 7820 8052 8167 8168 8228 8284 8332 8333 
5205 5281 5357 5662 5672 5756 6062 6211 6394 6692 7181 7243 7310 7311 7313 7376 7436 
4666 6209 6211 6291 7346 7410 7411 7473 7534 7600 7654 7772 
6037 6100 6190 6508 6818 6898 6962 6969 7019 7020 7021 7022 7078 7080 7081 7143 7152 7154 
4911 4912 5755 7106 7499 7500 7501 7502 7563 7564 7566 7627 7628 7682 7683 
4831 4922 4995 4997 5062 5066 5068 5116 5139 5141 5142 5652 5771 
5098 5109 7211 7226 7407 7470 7532 7534 7596 7652 7653 7711 7767 
2106 2108 2170 2171 2172 2174 2234 2237 2238 2240 2307 2371 2373 2374 2434 2498 2506 
837 888 1015 1114 1124 1817 2449 2511 2577 2642 2761 2884 2950 2964 
1471 1475 1476 1477 1542 1543 1610 1611 1744 1807 1867 1942 1991 2183 
5970 6766 7041 7949 7951 8005 8006 8008 8060 8061 8062 8063 8064 8122 8125 8180 
6752 7163 7227 8612 8632 8636 8637 8638 8656 8664 8669 8671 
6117 6351 6747 7281 7480 7542 7663 8433 8435 8437 8441 8488 8489 8493 8527 8532 8579 8580 
5596 5657 5820 6624 6931 6932 7000 7057 7117 7247 7419 7480 
4064 4065 4133 4134 4135 6130 6391 6779 6844 7435 7436 7558 7735 7738 7836 7837 
646 647 697 747 749 750 803 804 853 854 855 908 909 910 967 1577 1578 
6615 6688 7234 7364 7609 7945 7946 8174 8178 8234 8237 8287 8288 8290 8291 8292 8342 8343 8344 
6458 7234 7363 7950 8122 8285 8289 8340 8342 8396 8397 8398 8400 8452 8454 
365 367 394 397 427 431 432 466 507 508 509 543 544 743 1178 2851 
5899 5967 7869 7873 7944 8049 8056 8100 8106 8212 8213 8215 
6041 6447 6749 7160 8052 8492 8534 8606 8609 8610 8632 8662 
4953 5480 7419 7481 8051 8109 8115 8278 8329 8330 8385 8387 8439 8440 8442 
5247 5253 5254 5334 5631 5724 7816 7869 7870 7993 7994 7998 8047 8052 8103 8104 8105 8162 8163 
5120 5121 5131 5430 5980 5991 6069 6224 6389 6634 6931 6932 7057 7059 7117 7226 7227 
389 415 416 418 419 421 422 453 459 460 497 501 1826 2012 3926 
4268 4269 4401 4402 4777 4846 4847 4918 4920 4992 4993 5063 5137 5213 5342 5428 5497 5509 5578 5582 5671 5678 
578 579 682 740 741 791 793 837 843 844 897 898 901 1181 1436 2716 2773 2780 
233 238 268 269 270 271 272 295 296 298 299 301 302 459 460 501 1126 1429 
4334 4406 4546 4622 4685 4686 4773 4841 4988 5120 5197 5357 5980 6054 6206 6209 
4973 5040 5214 5291 5355 5361 5362 5363 5437 5490 5500 5508 5519 5521 5602 5664 5757 6142 
5198 5649 6309 6311 6395 6401 6402 6403 6470 6471 6482 6483 6485 6553 6554 6556 
1577 1581 1653 2031 2032 2090 2091 2154 2155 2156 2219 2220 2351 2479 2480 3247 3919 3922 4189 
4759 4825 5135 5654 5682 5776 5850 5992 5999 6000 6076 6077 6155 6156 6384 6385 
1074 1082 1083 1128 1184 1186 1187 1239 1241 1242 1306 1375 1441 1507 2076 2468 2907 
641 692 741 743 794 841 898 902 960 1573 2539 2831 2845 2846 2898 
5102 5186 6598 6968 7226 7534 7770 7771 7772 7870 7945 7993 7994 7995 8047 8103 8104 8105 8160 8162 8163 
5744 5820 6826 7605 7942 8228 8579 8580 8612 8613 8633 8634 8649 8650 8651 8652 8677 
5484 5802 8214 8269 8317 8480 8481 8482 8490 8491 8524 8572 8601 8602 8618 8619 8621 8623 8624 8642 8647 
1203 1261 1262 1275 1328 1331 1399 1461 1462 2138 2139 2175 2179 
1578 1583 1586 1655 1657 1659 1660 1720 1721 1783 1784 1785 1786 1847 1908 2352 2541 3220 3496 
4439 4506 8109 8159 8214 8216 8376 8529 8571 8576 8598 8599 8619 8620 8622 8625 8627 8628 
4506 5953 8269 8272 8529 8534 8573 8576 8601 8602 8623 8625 8627 8628 
6279 6281 6362 7300 7403 7529 7591 7594 7618 7947 8264 8265 8313 8314 8372 8374 8426 8427 
4439 6030 6038 8110 8167 8220 8221 8316 8323 8376 8377 8378 8380 8480 8524 8526 
3290 3645 5953 7816 7870 7946 8107 8167 8216 8218 8219 8220 8221 8269 8272 8317 8319 
292 293 295 296 327 332 358 386 415 416 418 420 1362 1429 1702 
297 298 302 333 335 336 358 362 364 391 425 426 1362 1568 1571 1641 
230 233 235 237 268 269 270 292 297 327 386 420 421 533 1702 1887 
1965 1969 2034 2035 2095 2223 2354 2412 2419 2482 2615 3250 3251 3314 3315 3316 3376 
901 1020 1021 1076 1079 1127 1128 1184 1241 2075 2266 2606 2672 
5381 5384 5805 5941 6019 6022 6097 6101 6111 6179 6180 6253 6255 6258 6334 6342 
299 332 333 335 336 362 364 389 391 422 425 426 1362 1568 1571 2205 2207 
5000 5071 5072 5073 5074 5081 5091 5146 5147 5148 5220 5221 5243 5296 5317 5389 5453 5534 5789 5950 6012 
5022 5095 5249 5458 5704 5705 6887 6888 7082 7140 7141 7142 7145 7148 7201 7208 7212 7270 7271 7272 
4763 4904 4998 5070 5143 5219 5293 5294 5367 5421 5439 5525 5603 5604 5773 
5650 5899 5970 6458 7945 8174 8177 8178 8234 8285 8287 8288 8338 8340 8396 8397 
462 463 499 504 505 506 536 585 643 961 1178 1637 2205 2282 2721 
3934 4006 4007 4010 4074 4142 4201 4207 4272 4399 5274 5661 5665 6059 6139 
4412 4434 4436 4483 4484 4504 4554 4556 4557 4781 4859 4861 4934 4936 4945 5168 5539 5699 5782 5858 
201 204 227 229 232 235 237 238 271 272 293 301 1074 1887 1894 2211 
678 730 782 841 893 894 948 949 950 952 2771 2831 2895 
774 775 827 881 882 884 939 940 942 996 997 1000 1219 1285 1364 1549 1619 1875 2267 2322 2532 
678 680 682 730 734 737 782 786 789 955 1014 1369 2130 2196 2197 2665 
2990 3252 3253 3254 3377 3378 3437 3456 3458 3528 3665 3734 3735 3803 3910 
5297 5306 5308 5369 5370 5371 5378 5444 5445 5446 5449 5454 5608 5712 5725 5803 5869 6029 6032 6094 6095 6171 6173 6185 6186 
3055 3056 3059 3178 3180 3252 3253 3302 3320 3377 3378 3380 3456 3458 3503 3528 3529 3666 3668 
5638 5730 8051 8100 8108 8160 8166 8212 8213 8215 
1601 1604 1860 1923 1924 1982 1983 1985 2048 2049 2128 2309 2374 2437 2880 3024 
1530 1536 1599 1618 1619 1623 1624 1626 1670 1671 1672 1673 1736 1858 1937 2238 2375 2635 2818 2948 2957 
1907 1911 1914 1973 1976 2038 2039 2040 2163 2274 2296 2359 2423 2487 2683 2684 2799 2863 3059 
578 579 690 691 692 740 786 789 791 793 837 843 848 902 1076 1436 2716 2846 2898 
6850 7174 7239 7437 8021 8079 8134 8135 8136 8187 8189 8190 8243 8244 
4265 4327 5845 5922 5923 5994 5995 6070 6071 6073 6151 6227 6229 6290 6307 6393 6621 6629 6630 
4443 4507 4559 4560 4636 4789 4790 4858 5002 5080 5540 5788 5859 5862 5863 5879 6010 6028 
5376 5377 5396 5459 5529 5562 5688 5781 5857 6006 6086 6087 6089 6175 6245 6250 6251 
2732 2733 2802 2866 2867 2989 2997 3061 3118 3181 3183 3255 3911 
2683 2684 2741 2799 2800 2863 2915 2920 2928 2930 2931 2965 2992 2994 2995 3060 3639 
1641 1652 1653 1715 1718 1780 1843 1904 1906 1966 2090 2154 2351 2469 2676 2736 3450 3859 4185 4189 4192 
320 347 348 349 350 351 378 379 382 407 408 412 444 531 571 2066 2258 2274 2537 
320 321 348 378 406 407 411 444 446 571 1012 1366 1433 1637 2779 
1405 1464 1478 1674 1801 1861 1927 1987 2137 2264 2401 2440 2512 2527 
491 529 532 573 575 629 630 631 632 635 734 786 1180 3032 
734 793 797 848 893 948 949 1238 1302 1372 2196 2667 2780 2787 
1451 1726 1727 1789 1848 2159 2412 2471 2473 2483 2673 2861 2976 3525 3796 3800 
4635 4713 4736 4852 5001 5010 5075 5083 5390 5538 5553 5791 5864 5933 
5031 5032 5085 5177 5399 5546 5871 6437 6514 6587 6590 6591 6660 6661 6662 6665 6736 6820 6958 7139 7202 7266 7335 
1095 1096 1142 1205 1230 1264 1265 1332 1415 1494 1564 2312 2387 
6368 6615 6766 7041 7617 7889 7946 7951 8008 8061 8062 8063 8064 8125 8180 
1124 1180 1186 1188 1234 1238 1375 1376 1440 1441 1444 1507 2076 2598 2973 3499 
3827 3828 3938 4014 4083 4085 4148 4151 4228 4505 4724 5542 5609 5610 5613 5616 
4893 5098 5108 5186 6598 7211 7407 7470 7473 7532 7596 7652 7653 7712 7767 
544 545 591 646 647 697 747 749 750 803 854 908 1126 2921 
1894 2098 2159 2160 2293 2294 2295 2357 2469 2552 2618 2619 2620 2741 2928 2990 3642 3644 
3119 3181 3257 3258 3320 3321 3380 3382 3460 3601 3602 3669 3739 
1372 1377 1378 1433 1446 1511 1652 1654 1780 1781 1843 1906 1907 1966 2031 2091 2155 2219 2352 2353 2481 3055 3853 3919 
5304 5323 5375 5809 5810 6350 6597 6952 7010 7069 7070 7071 7128 7136 7137 7199 7280 
5047 5335 6047 6688 7884 8009 8237 8289 8290 8291 8292 8343 8344 8398 8400 8452 8454 
5706 6120 6446 6507 6676 6731 6884 7330 7455 7457 7458 7513 7515 7604 7638 7658 7659 
5248 5382 5383 5620 6187 6580 7085 7134 7332 7333 7391 7453 7454 7512 7578 7579 7933 
1335 1336 1337 1404 1406 1408 1409 1468 1537 1608 1827 1949 2182 
4879 5309 5544 6009 6415 6425 6497 6502 6503 
201 204 227 229 230 232 419 453 497 1012 1074 1826 2012 3772 
543 547 548 595 648 649 701 703 751 753 754 856 1372 1965 3290 
6430 6448 6452 6584 6609 6751 6813 6957 7094 7460 7518 7721 7806 8091 8092 8093 8147 8148 8200 8201 8254 
2677 2680 2681 2739 2740 2797 2861 2989 3091 3178 3362 3455 3526 
4369 5150 5222 5300 5372 5373 5535 5792 5798 5801 5866 5889 6267 6328 
349 350 351 353 379 382 383 408 412 492 493 496 499 531 536 1642 2066 2258 
1381 1383 1385 1513 1515 1517 1580 1653 1655 1657 1659 2533 2964 2970 
1246 1310 1311 1312 1366 1379 1571 1573 1580 1581 1642 1654 1715 1718 1781 2287 2403 2677 3220 3287 
491 529 573 575 629 630 631 632 634 680 685 686 2130 2724 
4039 4351 5728 6890 7209 7274 7405 7406 7468 7469 
641 690 691 742 794 844 955 1014 1369 2539 2773 3032 3905 
5328 5400 5813 6605 6659 6737 6754 7759 7858 7859 7921 7922 7926 7980 7982 7997 8035 8036 
4001 4002 4070 4071 4073 4128 4139 4271 4622 4689 4914 5430 5758 5841 6301 6391 6624 
5484 5491 6355 6826 6968 7479 7605 8168 8649 8650 8651 8652 8662 8664 8677 
4588 4745 5330 6248 6325 6358 6419 6500 6501 6573 6576 6577 6578 6581 6582 6606 6651 6657 
321 325 352 353 383 411 446 492 493 496 533 2141 2965 
4210 4230 4233 4276 4294 4342 4343 4517 4563 4573 4791 4793 5541 5691 5692 5696 5697 5784 5785 
5740 6434 6912 7466 7592 7593 7650 7651 7707 7708 7729 7764 7766 7867 7868 7871 
5876 6045 6686 6911 7097 7164 7337 7357 7646 7762 7880 7983 7984 7985 8116 8153 8205 8206 
2813 2876 2940 2950 3005 3068 3070 3127 3194 3264 3287 3332 3395 3472 3609 3675 3835 
737 741 742 743 797 894 950 952 1127 1234 1302 2729 2787 
2884 2950 3091 3152 3223 3265 3330 3331 3332 3393 3394 3468 3469 3540 3607 3609 3675 3974 
773 824 825 876 879 880 883 934 935 936 1054 1346 1414 
817 870 927 929 986 992 1005 1424 2113 2379 2532 2592 2596 2769 2770 
4462 4957 5036 5260 7545 8108 8110 8113 8170 8278 8329 8330 8391 8442 8445 8494 8540 8541 
4752 4953 5260 5332 5631 6351 6747 7281 7778 7995 8049 8106 8119 8170 8172 8273 8433 8435 8437 8488 8489 8527 
4305 4664 5637 6336 6338 6429 6431 6510 6513 6583 6588 7014 7015 7074 7135 
2287 2352 2353 2479 2480 2481 2615 2676 2736 2781 2859 2926 4185 4323 4542 4751 4819 4911 5047 5485 
4131 5739 5816 5965 6457 7106 7107 7834 7889 7953 8005 8010 8067 8068 8119 8177 
5033 5101 5182 5257 6648 6756 6801 6810 6811 6812 6945 6956 7025 
6025 6046 6049 6125 6739 7167 7484 7649 7925 7935 8097 8154 8207 8308 8309 8370 8371 
1181 1193 1195 1248 1249 1313 1314 1315 1381 1383 1513 1583 1720 1721 1783 2533 2857 2910 
6013 6042 6122 6732 6893 6908 7093 7397 7756 7872 7876 7912 7973 7974 7975 8027 8029 8031 8085 
4674 4891 4896 4897 6552 6638 6706 6708 6710 6787 6855 6864 6865 6866 6868 
4444 4446 4447 4667 4742 4955 5226 5931 6085 6163 6164 6166 6168 6239 6240 6317 6326 6410 6505 
1223 1487 1527 1528 1557 1595 1597 1622 1668 1732 1795 1855 1921 2047 3632 
3423 3808 3878 3879 3880 3940 4017 4032 4149 4220 4283 4348 4423 5536 5617 5698 5783 
6376 6532 6616 6689 7339 7487 7648 7705 7940 8424 8476 8479 8520 8565 8566 8568 8569 8594 
4471 6286 6695 7497 7499 7559 7561 7563 7616 7622 7627 7677 7738 7739 7740 
3974 6752 7160 7479 7609 7998 8166 8490 8494 8532 8613 8633 8634 8635 8636 8637 8638 8656 8669 8671 
3835 4590 4884 5730 7481 8326 8387 8388 8439 8440 8491 8492 8539 8586 
6129 6370 6618 6738 7038 7401 7522 7588 7704 7832 7924 7928 7986 7987 8041 8043 8096 8098 8155 
4244 5641 5793 6197 6272 6426 6585 7161 7265 7267 7347 7352 7353 7398 7399 7519 7586 
4683 4686 5117 6447 6749 6844 7163 7227 7942 8113 8606 8609 8610 8613 
4913 5036 5662 5755 7246 7374 7376 7502 7542 7561 7564 7566 7628 7679 7682 7683 
4450 4584 4670 4740 6881 6948 6953 7068 7076 7191 
4406 4544 4546 4773 4841 4914 5197 5263 5758 6394 6477 7246 7247 7610 
3772 3773 4462 4601 4669 4743 5335 5485 8275 8282 8332 8393 8446 8450 8499 8502 8540 8541 8545 
4493 6332 6734 6886 7032 7222 7521 7641 7697 7805 7817 7856 7857 7916 7917 7918 7976 
3971 6038 8218 8273 8275 8317 8319 8429 8524 8526 8570 8573 8599 8619 8622 8624 8645 8647 
2266 2397 2403 2436 2449 2471 2499 2511 2632 2696 2697 2752 2753 3070 3127 3299 
2473 2577 2642 2753 2761 2813 2876 2895 2940 3005 3068 3194 3264 3265 3974 
5724 5802 7346 7410 7411 7600 7610 7653 7654 7711 7712 7770 7771 7816 7820 
3796 3907 4258 4471 4542 4748 6695 7374 7497 7500 7501 7558 7559 7739 7740 7779 
4316 4439 5480 7657 8005 8107 8219 8323 8377 8378 8380 8429 8481 8482 8570 
6204 6960 7296 7547 7702 7703 7725 7760 7882 8149 8202 8256 8259 8304 8305 8366 8367 
1318 1319 1320 1386 1388 1452 1490 1518 1911 1973 2161 2293 2357 2721 2992 3180 
4666 4685 6030 7829 8316 8326 8376 8571 8572 8598 8618 8620 8621 8642 8645 
960 961 964 1015 1020 1021 1022 1079 1081 1131 1242 1306 1440 2468 2598 2672 3098 3773 
3837 4105 4236 4238 4366 4420 6951 7031 7257 7259 7263 7277 7325 7326 7327 7388 7389 
916 943 973 974 975 976 1034 1035 1066 1089 1090 1285 2029 2153 2289 2516 2646 
1052 1056 1104 1105 1108 1115 1154 1155 1157 1158 1159 1215 1216 1277 1278 1345 1364 1648 1717 3590 3687 
3911 3916 3921 4883 6038 6054 6692 8228 8385 8388 8391 
569 622 623 624 674 675 676 724 726 729 778 833 885 2087 2981 3556 
4126 4194 4669 4743 7663 8332 8333 8441 8448 8450 8493 8500 8502 8539 8545 8586 
5313 5646 6690 6691 6817 6845 7589 7761 8368 8419 8420 8421 8472 8473 8474 8475 
1100 1148 1149 1169 1209 1219 1266 1270 1276 1765 1888 2016 2213 2465 3242 
6422 6602 6900 7291 7691 7750 7799 7804 7847 7848 7849 7850 7853 7877 7879 7910 7911 
156 157 190 191 215 249 250 251 252 314 316 376 781 2023 2083 3275 3278 
2138 2148 2153 2206 2213 5834 6059 6141 6384 6629 6777 6845 6994 7174 7300 7484 7487 7547 7557 
4309 4328 4336 4337 4479 4540 4547 4549 4550 4551 4616 4627 4657 5111 6262 6435 6786 6861 6929 6994 
930 942 987 1001 1046 1048 1049 1050 1110 1150 1151 1153 1776 2024 4453 4463 
4610 5710 6340 6847 7176 7315 7316 7373 7377 7380 7439 7441 7503 7505 7567 7568 
4482 4617 4625 4629 4630 4631 4707 4708 4778 4849 4921 5199 5921 6622 6703 6777 
632 634 635 685 686 744 1006 1239 1490 2197 2716 2771 2914 5253 
3857 3935 4011 4081 4145 4273 4338 4339 4409 4827 4898 5352 5769 6141 
8351 8354 8355 8405 8406 8407 8408 8412 8413 8458 8459 8460 8461 8465 8510 8555 8556 8559 8560 
6505 6657 6956 7074 7076 7078 7398 7591 7646 7702 7805 7853 8033 8089 8143 8195 8196 8250 
4676 4759 4827 4831 4897 5198 5422 5517 5599 5680 5681 5773 5774 5775 5847 5848 5996 6049 6153 6370 6532 
7263 7335 7399 7518 7522 8300 8301 8302 8418 8467 8469 8470 8512 8513 8514 
5677 5678 5771 5921 6553 6706 6786 7061 7122 7187 7249 7250 7319 7381 7382 7437 7442 
116 146 147 179 206 241 242 243 244 273 274 275 276 305 338 341 1009 1371 2542 2674 3222 3500 3579 
5610 5691 5782 5859 5933 6087 6166 6241 6242 6318 6319 6332 6411 6413 6422 6426 6494 6496 6507 6566 6569 6583 6584 6646 6651 6659 
7279 7408 7413 7414 7662 7718 8495 8675 8678 8688 8689 8697 8698 8702 8709 8710 8713 8723 8730 8731 8738 8739 
5274 5421 5652 6197 6609 6908 6911 8013 8015 8069 8070 8071 8073 8131 8185 8186 
2379 2385 2437 2452 2494 2496 2501 2561 2562 2624 2625 2689 2690 2757 2804 2805 2868 2869 2870 2933 2934 2999 3063 3121 3140 3211 
1175 1176 1230 1279 1937 1949 2190 2264 2327 2399 2466 2827 3349 3701 3827 4032 4436 4438 5095 5553 5714 6032 6187 
560 613 614 615 663 665 666 667 763 766 819 820 871 872 873 875 1277 1344 1475 1544 
129 131 133 161 163 164 165 194 218 221 222 254 258 286 317 318 781 833 1115 1169 1223 
5784 6010 6097 6736 6738 6817 6879 6884 6886 6888 6949 6951 6953 6957 6960 7005 7065 7123 7124 7190 
5368 5506 5507 5592 5605 5687 5779 5833 5839 5851 5852 5853 5854 5855 5915 5917 6001 6079 6080 6081 6160 6235 6236 
2083 2087 2300 2360 2361 2424 2425 2488 2489 2490 2491 2554 2621 2622 2623 2743 2744 4625 
3390 3466 3536 3537 3806 4082 4151 4343 4559 5148 5150 5226 5304 5704 5793 5871 6100 
2114 2182 2183 2245 2431 2563 2564 2565 2629 2630 2631 2694 2695 2750 2808 2809 2818 4085 4420 4563 4858 4934 5306 5375 5381 5382 5546 5705 5706 
599 602 652 655 656 705 706 708 756 811 813 863 864 865 921 977 979 1036 1091 1332 1604 1605 
5534 5536 5538 5539 5540 5541 5582 5661 5757 5866 5941 5942 6340 6434 6435 6580 6587 6724 6726 6737 6739 6805 6818 6877 6893 
480 525 526 527 563 564 567 618 619 621 670 672 720 723 891 943 947 1005 1054 1056 1110 1751 
5616 5788 5789 6581 6811 7136 7212 7266 7274 7277 7333 7475 7529 7697 7802 7803 7804 7806 7914 7924 7975 7997 
2051 2110 2117 2118 2176 2186 2239 2389 2516 2596 4283 4453 4724 4791 4859 5081 5377 5378 5544 5620 
5609 5692 5783 5858 6089 6168 6171 6177 6253 6508 6585 6644 6648 6716 6717 6718 6719 6720 6721 6731 6732 6734 6796 6797 6798 6799 6813 6872 6887 6941 6943 
5613 5697 5698 5864 6095 6810 7014 7019 7199 7201 7265 7332 7406 7515 7592 7594 7636 7641 7649 7693 7694 7704 7705 7753 7756 7759 7760 7761 7762 
5355 5428 5665 5769 5992 6070 6552 6703 6861 7152 7280 7347 7658 7745 7793 7795 7817 7841 7843 7871 7872 7879 7902 7903 7905 7935 7940 7947 8022 8116 
94 95 97 108 111 112 113 115 136 140 141 142 143 144 170 171 172 174 176 177 202 1001 1066 1622 1623 3775 5052 
5785 5862 6094 6326 6502 6576 6958 7010 7140 7252 7255 7260 7322 7324 7337 7339 7397 7401 7403 7448 7460 7466 
5671 5889 6139 6142 6385 6470 6606 6630 6754 6756 6855 7154 7176 7239 7303 7352 7604 7721 7725 7729 7896 7899 7900 7959 7960 7962 7964 8017 
5352 5504 5664 5666 5975 6186 6267 6358 6605 6691 6850 7025 7032 7093 7094 7097 7148 7161 7167 7238 7291 7296 7366 7493 
1198 1200 1202 1251 1252 1253 1255 1257 1266 1321 1323 1326 1390 1391 1392 1397 1398 1404 1455 1457 1458 1464 1522 1524 1593 1594 1601 
468 469 470 511 512 516 551 554 555 604 608 662 709 710 711 757 758 814 924 1270 1336 1536 1606 1681 1810 1811 
308 309 312 342 345 370 373 375 401 404 405 437 473 474 475 476 477 992 1275 1276 1415 1477 1478 1617 1618 1687 
1521 1588 1590 1624 1664 1712 1717 1728 1729 1790 1851 1853 1913 2254 2289 3491 3632 3709 4253 4309 4327 4399 4402 
1915 1978 1979 2042 2043 2044 2045 2046 2054 2101 2103 2104 2105 2113 2168 2229 2230 2231 2232 2303 2309 2312 2366 2367 2375 2427 2428 2440 2492 2637 2638 2692 
2880 2952 3136 3334 3338 3894 4220 4294 4356 5080 5453 5454 5870 6250 6577 6660 6881 6890 6952 7222 7353 7357 
5856 5930 6004 6083 6161 6234 6238 6313 6316 6406 6407 6408 6409 6488 6491 6560 6563 6639 6643 6711 6715 6776 6792 6870 6922 6940 7108 7302 
5380 5508 5509 5542 5617 5791 5792 5869 6019 6175 6393 6425 6471 6582 6812 6929 7015 7031 7137 7142 7202 7267 7373 7521 7618 7621 7659 7832 7876 7877 7880 7882 7933 
4105 4201 4265 4269 4328 4588 4610 4664 4740 4742 4896 4898 4973 5101 5399 6350 6395 6446 6478 6635 6686 6689 6690 6751 6862 6863 6933 6934 6969 
8590 8591 8758 8759 8766 8771 8773 8780 8785 8788 8789 8795 8797 8798 8807 8808 8811 8812 8834 8836 8837 8852 8854 8856 8871 8872 
7537 7602 7824 7941 8735 8740 8746 8748 8751 8754 8755 8756 8760 8761 8762 8769 8777 8783 8791 8792 8804 8805 8816 8817 8819 8830 8850 8851 8866 8867 8868 
5696 5699 5863 5943 6012 6173 6251 6262 6328 6503 6578 7071 7134 7135 7139 7449 7450 7451 7458 7510 7575 7588 7589 7635 7648 7688 7703 7748 7749 
6983 7037 7098 7159 7222 7288 7418 7664 7665 8640 8641 8657 8658 8672 8673 8681 8684 8693 8694 8695 8703 8705 8708 8715 8716 8718 8719 8720 8728 8743 
1420 1484 1499 1552 1754 1888 1956 2408 2765 2960 3024 3027 3141 3346 3423 4244 4443 4444 4871 4945 5033 5248 5249 5317 5328 5562 5725 5805 6042 
93 106 135 167 168 198 199 224 225 259 1225 1231 1569 1703 1763 1946 2005 2332 2460 2523 2828 2896 3029 3150 3219 3350 3422 3494 3771 3830 3834 
24 25 30 37 38 39 41 42 44 48 50 51 52 54 55 58 59 61 68 74 75 77 1170 1701 1762 2199 2263 
6453 6526 6869 7090 7321 7383 7384 7507 7508 7570 7674 7687 7746 7747 7796 7798 7846 7907 7908 7968 8025 8138 8139 8194 8247 8296 8297 8358 8360 
2119 2700 2754 2755 2756 2769 2816 2817 2944 2945 2946 3007 3130 3199 4230 4236 4348 4936 5010 5396 5400 5801 5879 5949 5950 6029 6342 6597 6676 6898 6900 
970 1030 1085 1086 1134 1135 1189 1190 1191 1557 1559 1560 1626 1648 1774 1776 1778 3051 3347 4114 4247 4765 4826 4904 5497 5740 6122 6290 6362 6616 6618 
1564 1565 1765 1867 1933 2139 2247 2257 2316 2321 2446 2508 2639 2720 2947 3021 3083 4238 4305 4369 4423 4447 4658 4670 4793 4861 5083 5177 5308 5309 5383 5384 5458 5459 5810 5813 6037 6120 
1835 2273 2957 3035 3037 3088 3568 4450 4763 5032 5040 5111 5116 5199 5342 5654 6045 6125 6129 6204 6279 6376 6452 8293 8294 8401 8402 8403 8404 8455 8456 8508 8552 
1283 1482 1638 1639 1698 1877 1942 2128 2137 2592 2649 2905 3089 3142 4039 4446 4505 4507 4517 4736 5031 5168 5243 5257 5330 5490 5637 5641 5646 5649 5809 6046 
1233 1235 1294 1296 1354 1494 1554 1827 2072 2255 2401 2407 2465 2651 2767 2770 3828 3837 4233 4440 4504 4584 4594 4667 4879 5323 5389 5390 5728 5803 6111 6190 6272 6281 6448 6602 
1689 1991 1993 2016 2059 2060 2121 2143 2179 2527 2635 2748 2806 2823 2871 2873 2874 2935 2938 2939 3000 3001 3016 3064 3066 3067 3123 3124 3198 3208 4228 4434 4790 5091 6245 
